202001 202010 202081
202002 202106 202037
202106 202003 202002
202004 202020 202054
202005 202109 202057
202006 202079 202088
202007 202064 202089
202068 202008 202107
202010 202051 202092
202011 202068 202090
202012 202002 202005
202013 202097 202068
202014 202081 202105
202015 202088 202100
202016 202094 202073
202017 202070 202061
202018 202070 202079
202019 202066 202030
202020 202097 202054
202021 202094 202087
202022 202094 202086
202023 202054 202027
202024 202100 202085
202012 202109 202005
202026 202093 202105
202027 202094 202065
202028 202093 202046
202100 202024 202029
202030 202031 202019
202031 202030 202091
202032 202096 202068
202033 202030 202002
202034 202079 202018
202035 202097 202075
202036 202057 202083
202098 202037 202106
202005 202030 202038
202039 202070 202097
202040 202109 202016
202041 202030 202086
202042 202105 202037
202043 202011 202037
202044 202078 202024
202045 202095 202019
202046 202101 202028
202047 202002 202101
202048 202064 202017
202049 202087 202054
202068 202050 202013
202051 202010 202093
202052 202042 202091
202094 202054 202053
202054 202023 202085
202056 202095 202010
202057 202005 202083
202090 202058 202068
202065 202059 202094
202094 202060 202098
202070 202061 202017
202049 202087 202018
202063 202035 202092
202064 202030 202089
202094 202027 202065
202066 202107 202035
202067 202099 202046
202068 202011 202104
202069 202074 202081
202070 202018 202061
202071 202061 202017
202072 202081 202002
202073 202091 202016
202074 202058 202069
202075 202100 202035
202102 202064 202076
202095 202077 202098
202078 202100 202090
202079 202090 202018
202018 202080 202070
202081 202002 202047
202082 202098 202088
202083 202094 202057
202084 202056 202100
202085 202094 202054
202086 202046 202022
202087 202095 202049
202088 202098 202015
202089 202018 202079
202090 202078 202079
202091 202073 202031
202092 202095 202010
202093 202026 202105
202094 202027 202085
202095 202087 202092
202096 202088 202032
202097 202035 202020
202098 202037 202082
202099 202067 202068
202100 202078 202075
202101 202047 202046
202102 202012 202098
202104 202078 202068
202105 202093 202042
202106 202002 202037
202107 202066 202035
202087 202094 202054
202109 202095 202005
